141
162.9
155.4
151.9
167.6
163.6
163.6
170.6
177.9
159.5
160.9
155.7
160.4
157.4
156.5
159.8
146
160.5
158
160.3
167.3
169.6
155.4
144.8
153.9
150.8
162.5
173.6
166.1
158.2
157.2
153
153.9
156.8
149.4
161.9
155.2
156.5
161.3
154.8
140
157.8
154.3
161.5
151.8
159.3
165.4
161.9
165.6
162.2
155.6
152.8
161.3
148.2
175.7
173.1
158.5
147.8
162.9
170.9
168.5
161.1
167.5
147.5
166.3
167.6
155.3
161.9
168.2
153.9
158.4
152.4
157.7
170.3
160.5
162.1
167.7
146.7
166.6
159.5
169.4
160.8
166.1
173.6
165.3
144
172.1
152.3
158.6
166
163
165
167.9
136.5
161.5
148.1
161.6
151.6
152.1
150.5
173.5
151.6
164.4
155.1
153
166.4
149.5
157.1
157.4
144.8
167
164.7
153.5
160.9
166.4
154.7
164.7
164.8
165.7
163.6
157.8
159.7
159
143
166
153
160
161
164
157
164
163
157
169
158.5
154
158.6
155.4
158.6
145.4
144.5
157
147.6
154.4
168
166.3
151.7
159.7
166.6
151.5
151.5
168
150.6
153
159.1
162.5
161.6
162.7
167.6
158.4
168.5
160.1
160
150
168.8
160.3
158.2
159.9
151.2
166.4
165.2
156.4
147.4
152.8
154.8
158
160.7
185.4
159.3
165.7
160
171.9
169.4
148.5
160.7
165.1
163
164.7
157.7
161.4
172.8
156.5
168.4
145.9
166.9
164.1
157.9
151.7
155.7
173.4
155.1
156.6
167.9
156.3
176.2
167.7
152.5
154
171.3
147.2
161.2
161.1
156.7
172.5
168.1
170.9
163.9
156.1
149.6
161.3
158.6
155.9
173.4
152.2
165.2
153.5
156.2
141.7
162.1
150.1
156.7
147.3
143.7
162.6
167.8
162.4
161.7
156.3
162.1
159.8
155.6
153.1
174.3
156.5
158.4
168.2
152.9
170
159.3
160.7
155.6
170.1
157.6
163
149
171.4
153
162.4
178
163.2
152.2
152
162
152.5
167.8
166.1
171.8
150
153.9
165.4
157.3
161.5
158.1
142.6
156.9
153.8
169.9
170.3
162.6
160.8
163.8
146.4
160.3
152.5
151.3
154.9
171.3
156.4
165.6
161.8
148.1
165.3
158.6
155.9
174.5
156.2
155.6
159.5
163.6
171.7
152
153.4
155.8
164.7
150
169.3
152.6
148.3
170.8
165
164.1
161.9
155.2
154
159.4
146.5
145.8
165.2
155.6
152.2
163.8
155.2
149.1
171.1
160.6
168.1
172.8
162.7
166.5
165.9
169.3
159.6
153.1
167.4
159.5
148.2
159.1
170.2
144.9
160.3
166.7
148.2
162.6
151.2
155.6
162.1
161.3
173.1
147.6
168.3
159.7
176.7
157.2
168.9
158.6
149
155
164.8
158.9
147.7
158.6
154
177.9
162.7
156.4
167.7
163.2
144.9
158.7
170.4
163.3
160.4
148.4
164
145.4
166.4
152.1
154
161.2
164.6
163.3
164.8
155.5
162.5
160.1
154.7
157.6
153.7
157.5
158.2
143
158.6
168.9
175.3
159.9
163.4
157.1
161.9
167.5
145.6
158.4
163.6
168.2
151.3
170.2
160.4
150
147.6
143.5
171
150.5
170.7
156.7
159.7
158.2
163.5
170.5
152.9
162.8
150.1
156.2
167.9
161.3
156.1
160.3
163.4
163
168
151.3
165
154.9
159.4
153.9
163.9
170.5
158.6
157.9
163.8
164.9
162.8
172.6
156.5
150.9
160.4
156
161.3
163.9
157.3
158.8
155.3
169.4
164.5
170.6
159.3
149.1
167.2
163.6
160.7
157.5
150.9
159.2
167.5
142.6
151.5
168.5
153.2
160.7
155.1
170
151.4
152.9
169.1
147.2
168
161.9
163.4
155.3
168.5
177.3
162.2
157.3
163.8
156.8
166.7
164.1
146.9
154.6
142.2
173.2
153.4
152.3
165.9
156.5
158.1
173.6
162.1
152.4
183.5
150.5
156.2
178.1
148.3
164.7
161.5
167.9
152.4
149.8
177.6
147.8
168.8
146.9
164.6
147.4
162
165.3
148.8
164.2
147.4
155.1
170.7
171.2
166.8
166
161.1
150
168.2
172
176
169
158
170
160
156
170
170
157
167
169
155.9
163.2
158.6
151.1
163
159.3
165.8
157
169.3
159.7
161.9
157.7
165.6
156
157.1
161.4
146.7
158.8
167.9
176.5
149
158
163.1
170.8
162.1
153.1
166.6
152.8
163.7
158.7
149.5
167.8
178.1
164
157.8
168.1
156.5
158
164.8
166.3
164.1
166.8
156.1
155.1
165
164.7
163.2
158.5
144
153.1
159.2
170.1
157.1
175.2
164.1
158.1
165.1
157.1
161.5
159.6
143.4
174.2
156.8
162.7
163.5
159.8
162
161.7
173.4
164.8
159.6
157.9
160.1
157
164.4
166.6
160.6
152.6
151.5
152.8
156.5
167.5
154
146.9
148.2
154.6
159.7
161.8
161.6
156.4
150.4
162.3
152.6
156.2
154.4
168.3
172.3
171.3
158
161.2
155.6
171
169.9
160.3
165.8
156.7
154.1
170
165.8
151.7
161.5
154.5
145.9
165
181.5
166.9
154.8
165.4
170.3
166.2
165.9
153.9
173.6
167
153.7
158.5
165.6
156.5
150.6
142.4
165.7
155.8
161.9
155.5
169.9
156.2
152
165.8
154.9
160.3
153
170.7
164.4
143
152.8
163.2
167.8
176.8
164.4
160.2
160.6
162.3
161.8
151.1
154.6
166
171
160
154
159
159
162
144
160
166
158
163.3
161.2
173.4
164.9
151.2
155.5
169.4
145.8
175.5
170.2
156.4
146.7
161.6
154.3
170.9
146.4
155.9
161.8
149.4
168.8
144.1
155.6
170.8
150.4
160
164.2
151.5
151
159.1
157.6
156.9
157.9
169.8
153
153
161
170.3
152
160.1
160.3
169.2
145.1
145.1
154.7
165.7
157.1
156.1
152.1
155.3
169
158
153
160
170
157
157
156
153
174
169
163.1
161.6
157.8
167.4
157.1
162.4
171.2
166.4
172.9
151.2
150.3
170.3
155.9
149
164
166
162.3
158.4
154.5
170
155.4
156
168.1
149
148.4
139.7
156.2
169.3
158.4
155.6
175
159.1
158.1
153.3
167
168.5
159.6
160.6
142.9
167.3
159.1
157
157.1
157.9
157.3
168
158.1
166.2
162
171.2
161.5
172.8
160.7
165
144.1
159
168.8
173
162.2
154.7
159
154.3
169.5
153.8
154.8
158.4
162.4
157.9
166.2
151.9
156.4
147
158.4
159.1
160.2
172.5
147.9
160.6
152.4
147.4
164.4
165
147
154.4
171.7
176.7
160.3
156
158.1
155.4
161.2
161.7
154.2
158.1
151.7
171.6
159
149.6
144.6
152.9
164.4
163.2
167.9
163.8
169.9
150.7
152.4
142.7
169.7
163.2
169.2
153.2
166
167.3
166
171.1
171.4
161.3
140.6
166.9
145.7
145.8
166.1
161.8
162.6
159.5
162
155
161.4
151.4
149.9
165.5
167.3
161
168.2
159.9
162.7
169.1
168
167.1
144.8
177.4
155.1
162.6
172.2
158.9
152.4
150
159.2
165.6
151.3
158.9
167.2
164.9
168.9
154.2
162.8
147.9
163.8
164.5
166.2
154.8
157.9
162.3
153.3
164.2
166.6
170.3
170.9
163.3
155.2
171.4
164.4
148.7
159.3
158.1
171.8
170.8
159.2
158.8
159
145
163
161.5
168.8
162
158.4
165
156.1
174.6
147.5
159
156
170.7
175.7
157.7
154.5
165.2
145.1
167
167.8
150.8
171
158.4
165.6
163.4
165
159.5
168
156.5
147.3
145.5
162.7
159.2
160.6
150.4
158.5
183.2
155.1
160
166.8
167.5
162.6
167.7
165.7
167.3
167.1
150.5
168.8
147.5
152
164.5
165.7
153.3
157.1
160
157
165
153.4
161
145
148
148.7
148
156.7
152.4
174
168
155.5
173.1
155.7
157.7
172
152.3
170.5
164.8
160
167.2
167.2
161.3
170.3
162.5
160.1
155
159.6
150
149.3
170
169
160
147.8
162.8
169
159.4
175
163.1
159.1
166
164.2
163.1
158.6
153.4
150
153.4
160.6
167
155
155.8
163.5
158.3
153.2
165.8
154.2
163.6
165.7
165.4
157.2
155.3
157.5
166.4
166.8
166.7
148.2
169.5
164.8
154.4
169.2
148.5
145.5
158.3
157.8
165.1
174.8
170.7
171.7
153.6
149.4
157.4
159.4
169
164.6
163.6
166
161.3
161
153.1
162.4
153
160.8
156.8
163.6
155.6
170.9
151.9
152.3
155.4
155.9
151.2
159.6
152
172.5
165
162.6
164.3
161
156
161.4
164.6
174.2
177.3
159.4
159.5
152.6
155
159
158.6
161.6
155.6
162.6
147.8
155.4
155
161
153.7
156.3
166.4
162.1
165
160.7
160
169.4
168.1
162.7
164
156.3
166.6
161.8
160.9
154
155.1
162.7
159.8
158.6
155
163
149
168
169.1
167.7
159.7
166
157.4
161.3
170.8
163.7
165.6
171.3
159.9
164.2
163.8
164.6
158.6
162.8
173.6
171.8
152.7
166.1
156.2
155.3
147.4
160
160.3
159.1
150.2
163.3
171.1
153.4
160.8
167.4
156.5
155
159.3
164
156.5
171.8
151.8
182.4
159.1
164.2
155
145.5
159.1
158
170.5
157.1
153.6
166.6
172
162.4
153.2
153
164.1
145
167.6
170
168.2
151.6
160.4
175.5
173.8
159.3
150.7
150
149
167.7
162.1
154.6
161.5
157.5
158.4
160.4
144
149.8
151.9
156.9
156.5
156.6
151.5
160.7
162
162.7
157.2
170.4
168
149
153
164.1
154.5
158.7
157
162
152.7
159.2
159
171.3
161.7
157.3
153.8
172.7
169
168.3
159.6
155.5
152.7
155
179.2
162
166
166.5
155
160.3
165.5
169
159
153.2
152.5
154.7
155
145.6
165.2
149.1
158.2
163.7
141
160.8
159.4
135.2
160.4
167.3
166.7
159.5
167.6
171.1
158.5
151.1
157.1
169.6
169.6
174.4
158.7
171.6
170.7
170.6
160
163.8
152.9
149.6
152.3
162.2
159.2
152
157.6
154.3
165.9
151.2
168.5
161.6
155.4
162.4
173.8
153.5
169.7
155.2
170.4
147.3
163.2
154.2
157.1
158.3
167.9
144.1
169.4
168.2
147
160.6
161.7
166.4
164
168.2
151
147.3
159.8
156.1
150.7
156.1
150.7
154.9
164.4
162.9
162.6
174.9
161.9
156.5
156.9
145.6
156
169.2
163.2
172.5
147.6
159.7
172.9
179.2
155.3
166.1
159.2
161.9
154.9
161.2
157.3
141.3
174.2
143
161.4
171.6
160.7
160.9
174.2
145
150.1
154.3
161.1
148.1
159.2
159.9
157.7
162.9
171
172.5
169.4
158.5
162.1
170.3
166.2
157.2
163.1
154.1
168.8
151.3
172.3
168.1
168.2
153
158.7
157.4
166.1
148.7
143.5
164.7
172.9
147.8
159.6
166.4
160.3
164.8
181.8
163.1
166.9
167.6
149
162.9
160.7
166.9
158.9
156.8
171.6
151
171.4
156.8
141.6
150.1
164.5
171.1
162.2
172.1
174.7
167
159.2
159.5
150
158.1
158.7
161.4
155.5
171.2
150.4
168.7
153.6
151.6
175
164.4
158.6
157.3
163.5
147.1
152.9
155.1
165.4
165.9
163.8
156
148.3
157.3
158.2
171
159.9
166.8
158.8
166.6
154.7
154.9
157.5
159.8
154.2
165.4
147.5
138.4
166
146.2
155.8
157.2
181.3
157.7
156.4
165.4
169.4
169.5
168.3
170.9
166.8
167.5
155.3
162.7
158.1
153.6
157.8
174.1
167.5
151.8
151.2
167.1
169
172.4
168.4
169.6
167.5
163.9
165.4
153.2
151
166.5
152.7
166.2
166.5
156.2
164.1
160.1
153
144.6
152.4
156.4
153.6
152.4
164.8
154.5
165.6
156.5
163.4
157.4
159.4
154.2
166.5
169.4
161.9
155.7
164.5
173.6
161.6
166.7
168.4
155.6
165.5
155.2
151.4
163.4
159.5
163
162.4
167.1
159.7
160.2
161
164
153.4
165.7
152
170.9
176.1
159
149.8
150.9
158.2
157.6
151.4
165.5
165.6
161.7
168.6
163.6
154.7
153
164.9
167.4
166.8
165.2
149.4
163.3
156.4
155.4
152.7
164.2
165.3
145.8
154.2
149.4
163.3
166.3
162.8
148.4
155.8
151.9
157.7
148.3
158
153.9
168
158.9
157.9
173.1
162.6
155
172.5
155.8
171.4
164.6
155.9
155
162.9
166.8
158.3
164.8
173.8
157.5
146.9
164.6
143.7
163.1
168.6
152.9
141.3
163.6
166.9
151.5
168.7
153.3
151.5
162.9
158
150.1
152.6
160
169.2
163.2
160
148.2
164.2
156.8
152.3
151
147.7
163.5
159.5
154
160
148.5
162
163.2
169.4
154
140
161
159.7
151.5
161.6
148
171
157.5
162.2
157.3
164
164.4
160.6
153
166
148.9
145.2
160.8
167.1
160.6
169.8
169.2
157.3
150.8
160.9
147.9
152.3
164.1
173.8
168.7
161.3
151.8
154.5
154.1
151.3
153.3
170.9
170.4
150.2
161.8
167
144.2
163.8
154.8
151.4
159
143
172
161.8
158.2
167
155.2
163.3
148.5
147.4
163.1
148.7
160.7
158.9
176
154
166.5
154.4
164.8
157.1
151.3
150.7
147.7
147.6
169.1
167.9
147
168.1
159.7
162.2
173.1
164.2
167.5
151.9
161.1
165.8
160.6
139.4
171.7
162.9
151
165.4
165.5
154.7
154.7
165.1
156.3
166.4
149.4
155.9
162.1
169.8
161.2
161.2
163.8
172
157
168.6
161.2
154.8
164.2
153.2
166.3
148.9
168.2
171.9
167.4
165.6
165.6
155
146.9
161.2
166.3
143.2
171.6
152
159.2
174.1
163.7
164.1
155.3
161.8
160.7
156.3
165.9
141.4
167
159.9
157.2
161.1
153.1
160
158.4
161.7
170.9
159.4
156.9
163
163.6
167.4
161.7
152
164.6
150.9
159.2
147.6
155.1
158.5
165.7
151.3
167.1
165.9
153.1
155.6
173.2
159.6
170.9
154.1
165.2
159.3
149.9
163.5
162
165.3
162
163
159.9
158.6
160.8
172.6
156
161.1
154.3
162.4
168.3
164.4
158.4
160.3
163
168.1
155.7
155.5
167.8
160.2
166.7
151.8
156.5
157.7
159.5
152.7
168.3
172.9
168.9
173.5
143
169.6
147.4
161.1
161.3
176.1
154.3
158.9
162.1
163.6
154.7
163.8
172.3
158.6
152
163.9
164.3
155.6
144.7
157.4
155.7
159.5
152.7
150
146.5
165
165.3
158.3
171.6
164.8
162.9
164.1
152.6
168.9
173.7
150
165.7
163.6
161.4
176.7
154
157.3
151.3
161.8
177
170.6
166.9
154.5
164.7
167.5
165.2
144.8
173.2
150.5
166.5
155
153.6
170.7
163.3
157.3
154.5
156.5
154.9
171.9
152.4
154.1
164.3
160.9
167.8
160.6
159.6
153.6
162.2
148.5
174.1
159.3
164.1
161.7
147
159.5
144.9
161.2
158.2
155.7
159.3
157.2
164.2
162
166.7
151.5
175.9
149.9
155.9
162.7
155.2
168.4
164
155.8
171.6
161.2
166.4
166
154
158
155.3
166
155.2
147.3
168.4
160.4
144.5
162.9
173.3
163.5
170.3
162.2
161.3
151.3
168.6
161.6
158.4
154.2
156.6
159.1
165.8
150.4
145.6
159.3
166.4
153.9
149.4
158.5
175.1
156.4
176.8
154.6
162.5
161.9
151.4
175.9
163.5
144.5
170.1
163.3
159.2
163.3
152.4
159.2
150.9
143.3
161.1
158
163.3
158.8
160.4
163.5
156.7
163.4
152
169.5
170.5
158.1
156.9
148.1
161.4
161.8
171.1
152.3
152.9
154.6
148.4
162.5
167
167.3
154
161.5
156.1
154.8
151.1
165
161.8
160.4
162.2
153.9
154.6
160.3
164.2
151.9
160.4
159.1
157.2
160.5
150.5
170.6
149.8
164.2
154.2
158.4
160.7
152.2
169.1
175.8
165.3
167.2
171.6
161.7
174.1
159.2
170.2
174.8
168.6
158.8
155.6
163.3
162.3
153.2
167.5
157.9
167
153.3
167.6
167.9
166.8
161.9
175.2
156.1
153.3
158.9
177.4
153.1
164.3
160
154.3
167.2
154.5
147.6
165
173.1
166.6
160.4
155.6
159.9
164.7
147.4
143.6
162.3
165.1
161.5
161.7
162.5
160.2
157.2
160.8
157.5
160.9
155.8
173.7
163.7
150
168.4
162.9
171.3
166.1
152
169.5
152.9
165
167.7
164.7
155.3
148
164.9
157.8
169.9
156.2
161.9
157.9
165.2
154.4
147.4
161.8
143.8
153.7
170.3
161.2
163.6
161.6
151.4
157
165.4
153.9
154.9
161.4
169.9
159
145.4
169.3
166.2
168.9
161.5
169.6
149
150.4
148.9
165.1
174.4
155.2
162
164.9
152.8
157.7
154.2
163.7
156.5
148.1
161.4
158.1
168.9
161.7
161
160
146
155.7
175.7
161.2
157
157.2
159.1
159.6
167.1
158.9
160.2
162.6
152.7
166.2
165.9
152.7
152.7
156.2
164.9
148.1
162.8
160.4
165.6
149.9
160.9
141.9
153.5
167.1
162.5
145
160.9
163
155.5
174
149
167
159
163.5
166.4
166
158
149
166.1
153
155
161
166.3
169.6
154
166.5
157.6
164.5
164.6
162.6
151.6
152.8
156.8
161.1
153.9
154.3
154.2
166
159.7
171.7
162.9
149.8
167.8
171.1
157.1
155.8
152.7
165.1
171.8
161.7
160.2
148
160.5
176.6
165.8
163.6
170.5
151.2
161.3
172.5
158.9
151.1
163.8
158.3
147.2
157.2
149.1
160
148.2
171.8
154.6
144.9
151.3
164.6
157.9
156.2
169.5
161.2
163.8
156.9
153.6
153.4
161.6
176
172.9
156
170.2
148.5
145.2
148
164.5
162
162.9
164.8
160.1
151.4
171
163.1
154.7
161.3
169.4
172.5
153.2
170.7
159.8
159.1
161.9
161.2
162.8
160.5
146.5
153.9
161.2
167.8
157.7
155.2
169.2
159.6
169.4
160.5
160.6
161
169
165.9
168
157.6
185.8
158.5
173.5
163.1
151.3
156.3
164.6
151.6
156.3
154
166.5
142.2
149
180
156.2
151.9
147.2
161
170
156
162
165
170
157
171
163
170
173
165
155
163
173
172
161
169
163
179
170
165
159
179.2
151.2
164.1
152.1
164
162.6
153.2
160.6
165.9
152.2
170.7
166.2
152.5
152
154.6
150.9
155.6
159.8
170.4
155.2
150.7
150.9
157.5
167.7
159.9
150.2
167.4
172
159.4
152
151.2
141.4
168.1
171
154
148
155.3
174
169.5
166.8
153.5
165.2
162.3
157.8
166.8
166
156.2
158.6
165.3
168.7
152.3
164.6
162
166.7
170
156.2
157
146.7
152
148.8
166.6
162.1
160.9
163.6
173.2
164.9
174.1
176.4
146.7
167.3
168.3
166.7
166.7
152
175.3
153
163.4
167.5
164.6
166.5
153.8
177.3
145.3
165.2
160.2
166.2
167.9
158.2
161.6
168.5
153.5
156.2
162.5
170.2
149.1
155.1
162.1
161.9
159
162
153.2
165
170
164.4
164.1
166.2
179.9
163.2
154.9
155.3
162.8
170
173.1
154.7
153.8
156.4
141.4
162.1
150.2
159.9
159.2
148.1
165.8
161.1
154.2
162.4
164.3
170.1
165.2
150.6
168.2
163.7
162.6
158
156.6
176.7
148.8
154.6
176.5
162.8
160.7
176.7
154.6
150.6
153.2
143
151
157.6
170.3
161.2
172.3
169.2
158.2
154.7
167.1
160.6
158.5
169.3
157.4
174.6
160.3
163.1
157.8
169.1
161.7
159
169.1
155.9
161.1
143.2
148.9
169.3
156.1
156.2
165.9
167.6
168.2
155
158
157
148.3
152.6
154.1
168.9
171.3
161.8
151
168.4
162.1
163.4
146.8
153.6
164.1
175.5
177.9
156.9
163
156.8
155.2
166.3
165.3
172.9
161.6
167.3
163.6
156.7
180.2
158.4
160.5
155.3
167.5
148.2
169.1
167.1
167.2
150.3
165.7
147.9
178.7
160.5
153.6
156.2
154
164
156.5
164.6
165.3
164
154
158.9
162.2
155
167.3
165.4
164.5
169.7
162.8
147
161.9
162.7
144.3
152.3
171.7
156.6
162.7
162.9
157.2
164.8
145.7
166.4
151.8
155.3
156.5
160.5
160.1
160
157.3
164.6
165.5
162.5
159.8
163.2
155.2
166.7
159.1
153.3
159
170.5
166.5
162.1
165
161.6
168.8
173.3
157.8
138
147.7
164.8
152.2
159
161.4
161
157.9
165.3
169.3
172.5
178.6
152.7
138.5
176
169
174.2
152.7
158.4
149
161
170.3
156.3
148.4
165
151
167.8
164.1
153.9
169.3
157.6
159.2
156.3
157.2
164.1
159
172.2
158.2
157.3
158.3
173.9
166.2
162.7
158.8
166.9
142.2
154.3
167.5
158.5
153.7
166
171.1
174.3
158.8
166.6
156.4
161.5
160.8
161.7
160.5
167.2
145.5
156.7
170.9
149.3
163.7
155.1
169.5
155
153.7
149.7
154.9
159.6
158.4
157.2
166.5
168.6
157.7
164.8
166.4
156.3
173.4
160.3
166.1
169.3
156.9
167.1
154.6
165.3
153.2
156.3
150.8
147.4
153.6
169.9
160.8
151.4
165.5
165.3
175.1
166.9
151.9
147.5
153.2
175.2
155.5
154
164
145.2
155.7
173
158.1
172.3
168.6
159
170.9
159.6
150.4
142.7
153.4
157
169
166
151
161
167
165
166
169
153
146
155
146
166
163
146.4
171.1
165
152.1
154.5
168.5
163.8
159.4
147.5
154.8
159.2
165.4
165.7
167
174.3
155.4
172.6
164.5
163.2
165
164.9
165.8
164
163.9
173.1
159.7
154.4
162.5
156.4
160.8
151.3
160.9
168.9
152.2
164.3
160.8
172.3
147.8
161
172
148.3
167.8
170.1
161.7
163.5
162
153.7
163.7
153.6
172
159.5
156
157.6
151.5
151
145.8
144
163
165.5
164.1
164
165.2
158
142
174.2
172.3
158.2
163.5
162.3
152.8
162.4
153.8
152.8
160.5
159.7
163.3
158.9
154.6
164.6
153.6
173.3
173.6
165.3
150.7
168.4
163.3
160.1
145.6
156.8
164.1
153
166.5
170.8
153.6
161.8
156.6
177.7
167.6
152
162.4
164.7
156.3
172
163
165
150
158
161
153
169
154.5
170.2
160.6
162.5
165.7
159
156
148.4
169
148.8
158.1
149.3
154.3
155.4
167.9
161.7
148.6
159.3
169.2
161
154
175.3
165.4
163.2
168
153
153
165.2
167
158.1
174.8
157.7
164.5
156.1
151.6
141.4
169.4
154.1
175.4
154.5
168.7
150.4
172.4
174.5
159.6
154.4
157.4
165.9
160.1
157.1
168.3
151.7
155.8
156.6
160.4
175.2
144.6
172
151.4
161.9
167.9
161.2
158.9
165.6
176.3
157.5
158.5
153
168.7
166.6
156.1
158.3
150.7
169
174.5
164.4
156.4
161.2
143.3
173.4
157.4
161.5
159.5
160.3
166.4
154.7
163.4
158.1
169.1
153.4
161.5
160
158.1
169.4
146.6
156.8
169.4
170.7
169.4
147.9
175.5
164.1
171.7
167.5
150.8
167.6
157
143
167.9
152
157
153.8
168
167.3
151.1
167.7
162
156.1
171
158.2
154.6
163.3
167.7
170.6
156.8
158.4
171.8
169.5
150.3
166.7
155.2
153.1
144.3
152.1
168.3
161.2
162
155.2
155.2
148
167.6
154.7
176.1
148.4
169
155.7
161.9
170.2
159.2
172.9
159.4
159.2
153.2
155.2
158.7
165.1
162.8
156.2
170.8
152.1
158
158.7
169.5
148.4
160.6
173.8
166.8
170.4
142.8
143.6
173.9
167.6
151.9
156.5
161.7
150.7
173.4
165.3
153.4
146
157.8
142.5
153.1
159.9
170.6
162.1
152.4
164.3
161.5
164.7
156.4
151.9
163.3
173
144.4
158.9
169.2
165.6
164.7
172.7
177.7
170.2
166.3
153.5
156.3
158
164.9
164.6
165.7
172.2
159.5
167.9
169.5
166.8
157.6
167.5
155.4
152.9
175.5
154.5
166.2
163.5
159.1
154.5
164.2
150.5
158.9
162.1
155.2
161.2
166.4
153.8
151
154.8
166.4
143.3
157
166.1
162
147.3
154.9
165
154
162.3
171.5
166.9
166
173.8
155.4
147.8
166.8
156.3
159.2
160.3
172
169.9
174.2
144.3
168.4
159.3
155.3
146
160.1
162.9
167.4
153.2
158
143.4
156.5
176.8
164.7
168.6
148.2
158.6
162.9
172.5
150.3
163.1
170.3
154.2
171.2
159.9
164
159.8
146.7
161.5
162.1
172.3
163.6
168.9
173.8
163.2
175.3
155.9
169.1
151.4
162.8
168.3
161.7
158.8
163.6
164.7
149
158.7
162
163.4
168.1
160.1
177.7
170.6
156.7
148.7
155
146.3
165.1
163.5
150
156
158
175.2
154.1
149.2
166.1
152.9
152
151.3
152.3
154.8
161.1
173.2
154.4
154.1
173.2
171.7
169.5
154.6
167.2
166
149.1
142.9
140.5
160.9
158.7
167.4
152.4
171.1
164
140.1
164.2
175
147
161
175
169.5
165
165
160.5
172
164
142
166
161
159
156
159.5
156.5
151
168
161.5
155
159
168.5
154.5
171
166
163
158
155.5
151
154
165
155
153
153
167
167
167
155
152
165
160
170
167
152
142
175
166
165
155
154
152
176
155
172
142
153
161.8
166.2
159
168
153
157
155
166
162
160
170
160
158
153
177
150
152
162
150
162
152
145
160
168
161
157
155
167
167.4
160.8
162.9
149.4
160.2
166.7
158.6
163.2
164.5
153.6
152.4
169.1
151.5
167.6
144.7
173.9
162.2
155.8
160
166.5
157.3
164
158.5
170.6
155.1
149.6
171.9
149.5
160
166
169
160
166
169
162
152
149
162
161
156
163
157
169
161
168
170
163
156
160
149
158
152
164
173
166
147
165
159
165
153.7
165.2
167.6
167.3
153.7
156.1
169.7
152.7
159
153.2
149.8
164.8
162.5
159.7
153.8
171.6
159.4
164
163.7
168.2
145.3
167.8
158.6
156.6
164.1
155.9
158.8
163.9
158.8
160
154
163
165
180
163
163.1
163
166.7
152.2
160.4
171.9
156.8
158.8
168.3
152.3
150.9
159.7
153.5
159
162
159.7
169.1
159
175.6
150.2
158.6
149.5
160.6
174.8
159.2
168.8
162.5
148.1
148.7
152.6
152.5
174.2
164.1
153.7
159
159
155.7
152.8
153.1
159.4
157.7
166.9
165.5
154.1
162.8
162
155.7
167.2
147.1
165.5
174.6
163.6
156.9
169.4
167.3
168.5
172.8
171.9
162.6
148.7
163.9
160.7
147.5
176.2
168.7
156.2
163.6
149.2
159.2
152.6
162.6
156.2
168.1
149.7
168
163.6
172.4
161.1
148.5
167.5
172.2
148
145.8
167.3
169.3
141.9
170.4
156.6
149.4
169.4
165.7
166.1
163.6
175.2
164.7
163.4
165.4
167.7
162.6
168.1
143
155.8
148.5
156.4
167.1
154.8
162.5
163.2
160
149.3
160.8
152.5
166.7
159.1
161.7
165.5
159.5
153.1
156.3
141.8
161.5
153.8
163.5
159.6
159.6
151
153.9
174.5
170.5
164.4
164.3
145.6
164.8
161.4
152.3
161.9
170
161.8
158.9
158.7
159.5
164.4
153.7
168.9
167.1
170.8
153.9
169.2
162.6
163
164.1
149.5
162.9
174.1
148.2
157.3
165.8
159.2
172.1
158.1
169.1
172.7
156.5
165.3
160.7
165.3
158.5
165.8
160.8
161.1
146.9
163.2
171.9
162.1
152.6
165
161.2
157.9
163.7
154.5
167.8
175.6
165.4
149.1
166.5
155.6
164.9
177.8
139.3
159.7
152.3
137.5
166.1
151.1
167.1
159.4
148.4
167.8
162.8
166.7
158.2
163
158.4
171.6
163.3
165.9
157
162.1
150.5
159.2
156.9
155.7
167.7
159.3
161.1
161.8
168.3
149.8
157.9
166.3
167.9
164.4
162.5
159.6
171.7
174.9
157.7
152.8
171.9
160.3
151.6
148.3
149.3
150.4
159.4
160.3
162.1
165.6
167.5
154.6
159.9
169
152.7
152
158.5
166.9
156.3
164.3
157.7
167.8
175.6
161.7
167
163.1
167
143.9
162.2
156.3
162.5
158.9
149
153.6
160.3
165.6
151
163.1
156.1
171.4
167.6
152.6
168.8
148.1
150.6
161.8
160.2
172.1
177.1
162.3
165.9
156.6
172.4
170
151.2
145.1
160.4
158.1
160.5
153.5
165
152
163.1
174.1
159.6
155.6
166.6
155.7
164
161.2
157
155.3
150.4
157.8
157.9
146
154
163.7
167.2
155
165.2
159.3
160.3
155.1
171
168.3
159
172.8
159.8
155.6
158
167.3
160
153.8
164.2
146.8
162.6
160
146
161
156
166
151
162
154
149
168
156
158
161
151
170
151
155.9
155.3
170.9
168.4
160
154.1
164.5
154.4
159.2
147.1
159.2
161.8
172.8
146.1
159.6
166.4
171.5
161
160.4
152.8
170.9
164
166
170.7
167.7
168.7
152.3
162.2
148.5
158.6
165.1
148.3
166.2
154.8
155.5
170.6
164.5
156.6
144.8
161.9
166.1
162.1
167.6
155.3
169.8
158.7
166.8
159.5
178.8
162.7
147
168.1
156.3
144.2
150.4
157.5
143.7
163.8
167.2
157.7
153.6
152.6
154.2
138.1
163.5
163.9
159.6
152.6
168.5
156.5
157.3
150.3
154.3
168.2
153.2
171.7
161.6
166.2
155.4
158.9
151.7
159.6
154.7
173
173
162.7
175.4
173
164.4
160.8
164.1
159.2
150.2
161.2
161.4
152
160
151.8
165.5
148
148
163
152
172
165
155
148
149
163.4
153.8
150.6
168.3
148.8
150.8
152.6
166.9
151.5
167.4
156.2
154.3
158.9
160.4
152.4
146.3
164.2
147.4
169.5
162.1
169.6
168.3
154.9
156.6
158.3
154.6
152.8
169.2
181.5
166.2
144.1
144.2
158
166.2
164.8
145.9
154.9
156.1
152.7
138
162.7
156.1
147.8
162.7
158.2
153.4
159.8
154.5
157.2
162.2
156.9
153.3
166.7
159.2
161.9
157.7
153.7
166.1
160
165.5
158.9
171.1
150.2
158.6
148
168.8
156.2
151.4
170.4
160.6
151.2
163.4
155.6
164.1
163.1
148
162.3
169.2
164.7
174.1
154.2
164.6
163.3
157.2
161.9
167
167.5
174.3
164.9
156.6
147.4
157.4
158.7
155.5
151.4
151.3
149.7
157.8
168.9
168.2
155.2
151.6
149.4
144.1
172.4
156.3
162.4
163.8
159.1
149
171.6
153.8
170.8
156.4
155.7
176.9
139.7
170.5
162.4
169.9
140.2
139.7
161.5
160.8
160.4
159.8
162.1
157.8
158.6
158.3
166.8
159.4
161.2
159.6
161.8
160.1
159.6
177.6
153.5
162.6
160.6
151.9
168.4
158.8
156.4
164.5
181.2
160.7
153.6
164.8
150
167.8
160.6
169.8
159.1
164
155.2
157.8
147.5
163.3
173.1
164.7
155.4
181.4
153.2
166.5
158.2
157.4
174.4
167.8
170.4
162.7
179.8
165.2
164.8
161
161.5
145.3
153.7
164.3
167.2
147.6
150.5
164.9
169.5
173.9
170.8
163.8
165.5
152.2
161.8
172.2
159.9
147
167.2
173.3
168.7
170.5
165.2
170.9
162.1
148.8
164
155
174.1
171.6
143.7
166.7
144.1
162.3
146.4
170
177.2
148.2
160.6
155.4
149.5
164.3
154.3
160.7
158.6
158.4
153.7
158.8
169.8
170.2
163.2
147.5
149
158.9
163.7
143
142.7
160.9
146.4
156.1
153.5
150.6
163
150.8
152.9
145.9
158.7
149.3
163.6
164.6
152.5
168.5
164.6
144.3
161.3
158.3
168.8
150.4
155.4
155.9
158.6
153.2
166.2
155.3
165.6
158.1
159.1
165.5
144.9
171.5
153.5
160.2
152.6
159.2
158
155
155.7
154.4
153.7
156.3
155.6
164.2
159.3
152.7
163.4
179.2
159
163.2
150
156.5
148.5
171.3
163.7
159.1
154.6
160.2
161
151.7
168.8
139.8
156.9
155
176
164.8
145.7
169
165
153.6
164.5
173.6
160.8
163
153.1
152.7
173.5
155
159
158.3
162.9
155.7
165.9
165.5
147.9
159.9
168.5
161.2
171.6
152.7
153.7
159.1
157.7
166.8
157.2
171.3
169.3
162.6
177.1
140.8
163
163.1
172
163.1
163.9
162.1
164.4
178.8
156.7
136.2
152.3
165.3
171.5
160.8
166.7
141.4
161.2
159.6
162.5
136.7
162.9
159.8
155.9
151
150.1
154.5
160.7
159.2
169.8
157.2
153.6
154.2
170.2
153.9
161.9
167.3
165.8
159.9
158
163.9
164.1
169.3
166.6
164.5
159.2
157.4
158.3
165.2
166
161.6
146.6
154.3
166.6
166.3
153.5
161.7
144.3
150.3
159
165.6
164.8
150.1
144.6
182.5
161.2
169.2
166.1
164.7
148
164.7
168.1
143.2
160.9
160.6
171.4
159.7
158.2
151.7
165.2
158.8
153.6
148.7
156.4
155.1
161.8
160.7
165.6
146.3
146.9
151.7
144.1
155.7
170.7
161
148.7
165.3
164.5
143.8
159.9
156.3
154.4
162.7
151.1
165.2
159.5
165.5
157.1
153
154
168.7
160.5
168
148.8
157.3
155
161.1
174.1
172.1
158.1
162.9
163.9
150.1
154.2
158.7
156
162.1
153.6
162.5
162.9
157.1
163
147.8
162.6
161.5
159.3
146.1
173.2
161.2
170.7
145.3
152.8
172
165
162.9
164.4
161.4
153.9
144.6
159.1
159.4
159.9
164.8
156
156.5
153.8
169
163.7
168.3
163
173.3
168.9
160.9
152.6
159.1
166.9
149
146.8
163.2
149.5
160.4
154.2
156.3
163.6
163.8
172.1
159.4
154.1
160.1
158.6
166.1
167.4
166.5
143.6
163.5
153
168.7
157.7
161
150.8
161.3
151.8
153.7
158.3
167.5
154.2
152.7
160
157.6
161.1
160.1
154.7
170.4
153.8
160.2
161.2
164.1
163.5
150.1
150.1
151.4
155.6
176.1
160.4
153.9
141.9
164.7
164.9
169.2
158.8
160.3
154.4
162.1
161.8
161.3
161.6
145.2
155.5
145.8
159.4
163.8
158.1
157.2
176.5
163.4
157.9
164.3
165.8
165.6
155.2
169.2
157.8
164.2
163
155.3
163.9
154
155.6
158.1
165
158.3
168.4
161.5
161.5
155.4
155.4
170.6
170.6
162.1
162.1
159.9
161.2
160.5
156
142.2
160.3
165.4
155.1
168.1
154.1
155.9
162.3
165.3
154.3
161.8
163.5
174.4
169.6
166.4
173.7
164
145.1
164.9
157.2
170
163.5
151
162.1
159.2
163.3
158.8
176
159.2
166.2
161.7
168.7
163
166.2
147.4
165.8
161.4
158.6
157.9
153.3
153.2
152.4
149.1
155.6
148.9
158
161.6
147.8
160.8
160
168.4
158.1
162.2
178.8
151.5
154.3
168.4
162.4
150.9
160.1
157.9
161.2
163
160.7
162.8
160.1
163.3
164.4
167
148.2
164.7
161.1
147
160.9
155
151.1
161.3
161.1
154.7
170.1
181.2
167.5
155.4
159.2
151.5
162.2
154.7
143.7
156.2
182.2
164.4
159.7
162.2
153
175.2
162.1
176.2
164.7
157.6
160
169.8
168.9
156.4
163
166.3
153.7
156
156.6
162.5
161.6
145.8
157.7
161.6
164.1
143
158.9
164
168.4
177.8
163.9
157
150.2
156.2
159
164
157.3
166
160
163
152.3
157
161.3
151
155
159.3
166
153.2
160
162
160.2
172
153
155
152
166
163.4
168
166.4
162
170
154
162
167.3
165
166.4
158.4
151
152
151
160
158
168
170
158
156
162
168
170.2
147.3
160
162
165
157.2
156
156
145
154
165
170
164.9
158.4
162
149
149
156
151
151
161
146.3
163
159.4
163.3
180.2
150.4
161.2
153
154.4
166
166
154.2
179
166
166
160.4
163
159
159
162
164.3
163.3
158.3
164
146.2
164
161
147
150.2
173.4
154.4
162
174
164.2
160.3
160.2
161
168
174.2
160
153.2
160
173
157
150
170.6
154.7
164.6
170.1
168.6
175.9
157.1
165.1
146.7
151.2
155.2
143.7
159.2
166.8
159.7
162.1
160.5
162.4
172
162.4
162.2
151.5
170.3
143.1
160.7
154.9
157.8
162.9
164.6
154.2
149.7
169.2
154.2
158.2
135.4
159.9
165.1
168.4
165.4
160.2
157.9
172.4
158.3
160.5
166.7
154
163.7
162.6
158.5
168.9
153.7
163.6
167.6
166.4
164.3
164.1
157.5
161.2
148.8
168.5
154.1
170
152.3
150
180.4
156
167
154
160.3
155
164
170
150
159
165
153
154
169
157
174
165
167
159
146.4
163
154
146
163.2
177
172.2
147
154.6
166.3
162.6
157.8
160.2
163.1
165
160.3
171.5
167.7
161.6
155.6
160.4
148.1
164.2
162.8
164.3
158.3
167.7
161.5
170.1
172
146.2
160.2
168.8
185.2
172.7
149.8
148.5
155.6
141.7
167.4
166.6
151.9
159.9
159.9
161.3
150.4
159.3
155.2
154.9
160.4
165.3
163.7
159.5
157.4
162.2
169.7
149.7
159.6
164.9
157.2
158.1
157
158.3
167.9
156.4
157.6
166.7
141.6
143.3
168.5
158.5
172.8
174
168.5
153.6
162.2
159.7
178.2
144.1
153.2
159.1
163.1
152.3
152
171.9
154.1
172.3
165.5
165.5
158
163.2
166
169
146
156.4
159
158
155
174
158
162.3
152.2
147
159.2
147
165.4
164
161
170.2
167
165.2
159
176.3
157
168
173
169
163.4
165
163
178
155.2
160
166
166.3
155
163
172
158
161
165
156
159
154.3
171
151.2
166.2
152.4
168.2
158
149
162
149
159
156.4
171.9
178.9
159
158.8
159.2
168.3
174.7
156
154.7
155.1
157.5
163.9
158
161.4
137.8
151.8
163.6
163.5
175.3
156.6
154.2
161.3
160.1
158.3
147.4
